10	0.29482
9.98	1.13342
9.96	1.02801
9.94	0.935461
9.92	0.854124
9.9	0.782563
9.88	0.719522
9.86	0.663906
9.84	0.614757
9.82	0.571238
9.8	0.532622
9.78	0.498272
9.76	0.467636
9.74	0.44023
9.72	0.415634
9.7	0.393483
9.68	0.373459
9.66	0.355286
9.64	0.338724
9.62	0.323563
9.6	0.309624
9.58	0.29675
9.56	0.284804
9.54	0.27367
9.52	0.263245
9.5	0.253443
9.48	0.244186
9.46	0.235411
9.44	0.227061
9.42	0.219088
9.4	0.21145
9.38	0.204113
9.36	0.197046
9.34	0.190223
9.32	0.183623
9.3	0.177227
9.28	0.17102
9.26	0.164989
9.24	0.159122
9.22	0.15341
9.2	0.147847
9.18	1.22422
9.16	1.1121
9.14	1.01363
9.12	0.927052
9.1	0.850853
9.08	0.783696
9.06	0.724417
9.04	0.671998
9.02	0.625554
9	0.584308
8.98	0.547588
8.96	0.514803
8.94	0.485444
8.92	0.459062
8.9	0.435271
8.88	0.413733
8.86	0.394155
8.84	0.376282
8.82	0.359892
8.8	0.344794
8.78	0.330823
8.76	0.317833
8.74	0.305701
8.72	0.294319
8.7	0.283594
8.68	0.273446
8.66	0.263807
8.64	0.254616
8.62	0.245825
8.6	0.237388
8.58	0.229269
8.56	0.221437
8.54	0.213865
8.52	0.206529
8.5	0.199411
8.48	0.192494
8.46	0.185765
8.44	0.179213
8.42	0.172829
8.4	0.166605
8.38	1.33411
8.36	1.21435
8.34	1.10913
8.32	1.01658
8.3	0.935083
8.28	0.863214
8.26	0.799733
8.24	0.743555
8.22	0.693734
8.2	0.649446
8.18	0.609971
8.16	0.574682
8.14	0.543033
8.12	0.51455
8.1	0.488818
8.08	0.465479
8.06	0.44422
8.04	0.42477
8.02	0.406893
8	0.390385
7.98	0.375071
7.96	0.360796
7.94	0.347429
7.92	0.334856
7.9	0.322978
7.88	0.31171
7.86	0.300981
7.84	0.290726
7.82	0.280894
7.8	0.271437
7.78	0.262318
7.76	0.253503
7.74	0.244965
7.72	0.236679
7.7	0.228626
7.68	0.220789
7.66	0.213155
7.64	0.205712
7.62	0.19845
7.6	0.191362
7.58	1.47211
7.56	1.34358
7.54	1.2306
7.52	1.13116
7.5	1.04354
7.48	0.966215
7.46	0.897847
7.44	0.83728
7.42	0.783502
7.4	0.735628
7.38	0.69289
7.36	0.654616
7.34	0.620223
7.32	0.589202
7.3	0.56111
7.28	0.535564
7.26	0.512229
7.24	0.490816
7.22	0.471074
7.2	0.452784
7.18	0.435759
7.16	0.419836
7.14	0.404873
7.12	0.39075
7.1	0.377363
7.08	0.36462
7.06	0.352447
7.04	0.340776
7.02	0.329551
7	0.318725
6.98	0.308257
6.96	0.298113
6.94	0.288263
6.92	0.278683
6.9	0.269353
6.88	0.260257
6.86	0.25138
6.84	0.242711
6.82	0.234241
6.8	0.225963
6.78	1.6569
6.76	1.51819
6.74	1.39616
6.72	1.28868
6.7	1.19387
6.68	1.1101
6.66	1.03593
6.64	0.970124
6.62	0.911585
6.6	0.859364
6.58	0.812635
6.56	0.770675
6.54	0.732857
6.52	0.698635
6.5	0.667534
6.48	0.63914
6.46	0.613098
6.44	0.589094
6.42	0.566862
6.4	0.546167
6.38	0.526809
6.36	0.508614
6.34	0.491432
6.32	0.475134
6.3	0.45961
6.28	0.444765
6.26	0.430517
6.24	0.416799
6.22	0.40355
6.2	0.390721
6.18	0.378271
6.16	0.366164
6.14	0.354371
6.12	0.342867
6.1	0.331633
6.08	0.320652
6.06	0.30991
6.04	0.299398
6.02	0.289107
6	0.27903
5.98	1.94147
5.96	1.79073
5.94	1.65797
5.92	1.54085
5.9	1.43737
5.88	1.34573
5.86	1.26441
5.84	1.19205
5.82	1.12746
5.8	1.06963
5.78	1.01766
5.76	0.97077
5.74	0.928283
5.72	0.889612
5.7	0.854243
5.68	0.821735
5.66	0.7917
5.64	0.763808
5.62	0.737769
5.6	0.713335
5.58	0.690291
5.56	0.668454
5.54	0.647665
5.52	0.627788
5.5	0.608707
5.48	0.590323
5.46	0.572554
5.44	0.555328
5.42	0.538585
5.4	0.522276
5.38	0.506359
5.36	0.490801
5.34	0.475573
5.32	0.460653
5.3	0.446023
5.28	0.431669
5.26	0.41758
5.24	0.403749
5.22	0.39017
5.2	0.376839
5.18	2.6824
5.16	2.51689
5.14	2.37054
5.12	2.24085
5.1	2.12559
5.08	2.02284
5.06	1.93092
5.04	1.84838
5.02	1.77392
5	1.70645
4.98	1.64498
4.96	1.58869
4.94	1.53685
4.92	1.48882
4.9	1.44407
4.88	1.40211
4.86	1.36255
4.84	1.32502
4.82	1.28925
4.8	1.25496
4.78	1.22194
4.76	1.19
4.74	1.15899
4.72	1.12878
4.7	1.09926
4.68	1.07033
4.66	1.04192
4.64	1.01397
4.62	0.98644
4.6	0.959282
4.58	0.932471
4.56	0.905987
4.54	0.879814
4.52	0.853946
4.5	0.828378
4.48	0.803109
4.46	0.778144
4.44	0.753489
4.42	0.72915
4.4	0.705139
4.38	2.12009
4.36	1.93846
4.34	1.7786
4.32	1.63773
4.3	1.51342
4.28	1.40355
4.26	1.30625
4.24	1.21992
4.22	1.14312
4.2	1.07464
4.18	1.01339
4.16	0.958425
4.14	0.908937
4.12	0.864211
4.1	0.823626
4.08	0.786643
4.06	0.752794
4.04	0.72167
4.02	0.69292
4	0.666237
3.98	0.641356
3.96	0.618047
3.94	0.596112
3.92	0.57538
3.9	0.555704
3.88	0.536957
3.86	0.519031
3.84	0.501831
3.82	0.485279
3.8	0.469306
3.78	0.453856
3.76	0.438878
3.74	0.424333
3.72	0.410185
3.7	0.396405
3.68	0.382971
3.66	0.369861
3.64	0.35706
3.62	0.344554
3.6	0.332333
3.58	2.02738
3.56	1.82513
3.54	1.64736
3.52	1.49099
3.5	1.35331
3.48	1.23197
3.46	1.1249
3.44	1.0303
3.42	0.946585
3.4	0.872385
3.38	0.806494
3.36	0.747862
3.34	0.695572
3.32	0.648825
3.3	0.606922
3.28	0.569255
3.26	0.535293
3.24	0.504575
3.22	0.476697
3.2	0.451308
3.18	0.428102
3.16	0.406814
3.14	0.387212
3.12	0.369094
3.1	0.352285
3.08	0.336632
3.06	0.322003
3.04	0.308282
3.02	0.29537
3	0.28318
2.98	0.271636
2.96	0.260673
2.94	0.250234
2.92	0.24027
2.9	0.230738
2.88	0.221602
2.86	0.21283
2.84	0.204393
2.82	0.196269
2.8	0.188436
2.78	2.06407
2.76	1.83549
2.74	1.63467
2.72	1.45816
2.7	1.30291
2.68	1.16627
2.66	1.04592
2.64	0.939836
2.62	0.846226
2.6	0.763543
2.58	0.690428
2.56	0.625693
2.54	0.568302
2.52	0.517347
2.5	0.472037
2.48	0.43168
2.46	0.395671
2.44	0.363482
2.42	0.334651
2.4	0.308776
2.38	0.285502
2.36	0.264523
2.34	0.245568
2.32	0.228402
2.3	0.212819
2.28	0.198638
2.26	0.185701
2.24	0.17387
2.22	0.163023
2.2	0.153053
2.18	0.143868
2.16	0.135385
2.14	0.127532
2.12	0.120246
2.1	0.113471
2.08	0.107158
2.06	0.101262
2.04	0.0957471
2.02	0.0905778
2	0.0857243
1.98	2.20181
1.96	1.93851
1.94	1.70717
1.92	1.50385
1.9	1.32506
1.88	1.16778
1.86	1.02936
1.84	0.907469
1.82	0.800071
1.8	0.705389
1.78	0.621865
1.76	0.548137
1.74	0.483013
1.72	0.425451
1.7	0.374537
1.68	0.329474
1.66	0.289563
1.64	0.254191
1.62	0.222823
1.6	0.19499
1.58	0.170279
1.56	0.14833
1.54	0.128827
1.52	0.111491
1.5	0.0960775
1.48	0.0823722
1.46	0.0701857
1.44	0.0593512
1.42	0.0497217
1.4	0.0411673
1.38	0.0335731
1.36	0.0268376
1.34	0.0208705
1.32	0.0155919
1.3	0.0109305
1.28	0.00682299
1.26	0.00321283
1.24	4.95217e-05
1.22	-0.00271213
1.2	-0.00511263
1.18	2.46635
1.16	2.15499
1.14	1.88121
1.12	1.64041
1.1	1.42854
1.08	1.24208
1.06	1.07791
1.04	0.933332
1.02	0.805961
1	0.693717
0.98	0.594776
0.96	0.507542
0.94	0.430615
0.92	0.362769
0.9	0.302932
0.88	0.250162
0.86	0.203633
0.84	0.162622
0.82	0.126494
0.8	0.0946892
0.78	0.0667183
0.76	0.0421496
0.74	0.0206033
0.72	0.00174462
0.7	-0.0147216
0.68	-0.0290563
0.66	-0.0414901
0.64	-0.0522272
0.62	-0.0614489
0.6	-0.0693159
0.58	-0.0759716
0.56	-0.0815434
0.54	-0.0861453
0.52	-0.0898792
0.5	-0.0928363
0.48	-0.0950985
0.46	-0.0967395
0.44	-0.0978256
0.42	-0.0984168
0.4	-0.0985671
0.38	2.95111
0.36	2.56743
0.34	2.22938
0.32	1.93143
0.3	1.66874
0.28	1.43706
0.26	1.23268
0.24	1.05233
0.22	0.893145
0.2	0.752615
0.18	0.176162
0.16	0.157297
0.14	0.138185
0.12	0.118855
0.1	0.099336
0.08	0.0796595
0.06	0.0598562
0.04	0.0399574
0.02	0.0199947
1.24616e-13	1.24616e-13
-0.02	0.0199947
-0.04	0.0399574
-0.06	0.0598562
-0.08	0.0796595
-0.1	0.099336
-0.12	0.118855
-0.14	0.138185
-0.16	0.157297
-0.18	0.176162
-0.2	0.194751
-0.22	-0.893145
-0.24	-1.05233
-0.26	-1.23268
-0.28	-1.43706
-0.3	-1.66874
-0.32	-1.93143
-0.34	-2.22938
-0.36	-2.56743
-0.38	-2.95111
-0.4	-3.38671
-0.42	0.0984168
-0.44	0.0978256
-0.46	0.0967395
-0.48	0.0950985
-0.5	0.0928363
-0.52	0.0898792
-0.54	0.0861453
-0.56	0.0815434
-0.58	0.0759716
-0.6	0.0693159
-0.62	0.0614489
-0.64	0.0522272
-0.66	0.0414901
-0.68	0.0290563
-0.7	0.0147216
-0.72	-0.00174462
-0.74	-0.0206033
-0.76	-0.0421496
-0.78	-0.0667183
-0.8	-0.0946892
-0.82	-0.126494
-0.84	-0.162622
-0.86	-0.203633
-0.88	-0.250162
-0.9	-0.302932
-0.92	-0.362769
-0.94	-0.430615
-0.96	-0.507542
-0.98	-0.594776
-1	-0.693717
-1.02	-0.805961
-1.04	-0.933332
-1.06	-1.07791
-1.08	-1.24208
-1.1	-1.42854
-1.12	-1.64041
-1.14	-1.88121
-1.16	-2.15499
-1.18	-2.46635
-1.2	-2.82055
-1.22	0.00271213
-1.24	-4.95217e-05
-1.26	-0.00321283
-1.28	-0.00682299
-1.3	-0.0109305
-1.32	-0.0155919
-1.34	-0.0208705
-1.36	-0.0268376
-1.38	-0.0335731
-1.4	-0.0411673
-1.42	-0.0497217
-1.44	-0.0593512
-1.46	-0.0701857
-1.48	-0.0823722
-1.5	-0.0960775
-1.52	-0.111491
-1.54	-0.128827
-1.56	-0.14833
-1.58	-0.170279
-1.6	-0.19499
-1.62	-0.222823
-1.64	-0.254191
-1.66	-0.289563
-1.68	-0.329474
-1.7	-0.374537
-1.72	-0.425451
-1.74	-0.483013
-1.76	-0.548137
-1.78	-0.621865
-1.8	-0.705389
-1.82	-0.800071
-1.84	-0.907469
-1.86	-1.02936
-1.88	-1.16778
-1.9	-1.32506
-1.92	-1.50385
-1.94	-1.70717
-1.96	-1.93851
-1.98	-2.20181
-2	-2.50158
-2.02	-0.0905778
-2.04	-0.0957471
-2.06	-0.101262
-2.08	-0.107158
-2.1	-0.113471
-2.12	-0.120246
-2.14	-0.127532
-2.16	-0.135385
-2.18	-0.143868
-2.2	-0.153053
-2.22	-0.163023
-2.24	-0.17387
-2.26	-0.185701
-2.28	-0.198638
-2.3	-0.212819
-2.32	-0.228402
-2.34	-0.245568
-2.36	-0.264523
-2.38	-0.285502
-2.4	-0.308776
-2.42	-0.334651
-2.44	-0.363482
-2.46	-0.395671
-2.48	-0.43168
-2.5	-0.472037
-2.52	-0.517347
-2.54	-0.568302
-2.56	-0.625693
-2.58	-0.690428
-2.6	-0.763543
-2.62	-0.846226
-2.64	-0.939836
-2.66	-1.04592
-2.68	-1.16627
-2.7	-1.30291
-2.72	-1.45816
-2.74	-1.63467
-2.76	-1.83549
-2.78	-2.06407
-2.8	-2.32438
-2.82	-0.196269
-2.84	-0.204393
-2.86	-0.21283
-2.88	-0.221602
-2.9	-0.230738
-2.92	-0.24027
-2.94	-0.250234
-2.96	-0.260673
-2.98	-0.271636
-3	-0.28318
-3.02	-0.29537
-3.04	-0.308282
-3.06	-0.322003
-3.08	-0.336632
-3.1	-0.352285
-3.12	-0.369094
-3.14	-0.387212
-3.16	-0.406814
-3.18	-0.428102
-3.2	-0.451308
-3.22	-0.476697
-3.24	-0.504575
-3.26	-0.535293
-3.28	-0.569255
-3.3	-0.606922
-3.32	-0.648825
-3.34	-0.695572
-3.36	-0.747862
-3.38	-0.806494
-3.4	-0.872385
-3.42	-0.946585
-3.44	-1.0303
-3.46	-1.1249
-3.48	-1.23197
-3.5	-1.35331
-3.52	-1.49099
-3.54	-1.64736
-3.56	-1.82513
-3.58	-2.02738
-3.6	-2.25763
-3.62	-0.344554
-3.64	-0.35706
-3.66	-0.369861
-3.68	-0.382971
-3.7	-0.396405
-3.72	-0.410185
-3.74	-0.424333
-3.76	-0.438878
-3.78	-0.453856
-3.8	-0.469306
-3.82	-0.485279
-3.84	-0.501831
-3.86	-0.519031
-3.88	-0.536957
-3.9	-0.555704
-3.92	-0.57538
-3.94	-0.596112
-3.96	-0.618047
-3.98	-0.641356
-4	-0.666237
-4.02	-0.69292
-4.04	-0.72167
-4.06	-0.752794
-4.08	-0.786643
-4.1	-0.823626
-4.12	-0.864211
-4.14	-0.908937
-4.16	-0.958425
-4.18	-1.01339
-4.2	-1.07464
-4.22	-1.14312
-4.24	-1.21992
-4.26	-1.30625
-4.28	-1.40355
-4.3	-1.51342
-4.32	-1.63773
-4.34	-1.7786
-4.36	-1.93846
-4.38	-2.12009
-4.4	-2.32666
-4.42	-0.72915
-4.44	-0.753489
-4.46	-0.778144
-4.48	-0.803109
-4.5	-0.828378
-4.52	-0.853946
-4.54	-0.879814
-4.56	-0.905987
-4.58	-0.932471
-4.6	-0.959282
-4.62	-0.98644
-4.64	-1.01397
-4.66	-1.04192
-4.68	-1.07033
-4.7	-1.09926
-4.72	-1.12878
-4.74	-1.15899
-4.76	-1.19
-4.78	-1.22194
-4.8	-1.25496
-4.82	-1.28925
-4.84	-1.32502
-4.86	-1.36255
-4.88	-1.40211
-4.9	-1.44407
-4.92	-1.48882
-4.94	-1.53685
-4.96	-1.58869
-4.98	-1.64498
-5	-1.70645
-5.02	-1.77392
-5.04	-1.84838
-5.06	-1.93092
-5.08	-2.02284
-5.1	-2.12559
-5.12	-2.24085
-5.14	-2.37054
-5.16	-2.51689
-5.18	-2.6824
-5.2	-2.86997
-5.22	-0.39017
-5.24	-0.403749
-5.26	-0.41758
-5.28	-0.431669
-5.3	-0.446023
-5.32	-0.460653
-5.34	-0.475573
-5.36	-0.490801
-5.38	-0.506359
-5.4	-0.522276
-5.42	-0.538585
-5.44	-0.555328
-5.46	-0.572554
-5.48	-0.590323
-5.5	-0.608707
-5.52	-0.627788
-5.54	-0.647665
-5.56	-0.668454
-5.58	-0.690291
-5.6	-0.713335
-5.62	-0.737769
-5.64	-0.763808
-5.66	-0.7917
-5.68	-0.821735
-5.7	-0.854243
-5.72	-0.889612
-5.74	-0.928283
-5.76	-0.97077
-5.78	-1.01766
-5.8	-1.06963
-5.82	-1.12746
-5.84	-1.19205
-5.86	-1.26441
-5.88	-1.34573
-5.9	-1.43737
-5.92	-1.54085
-5.94	-1.65797
-5.96	-1.79073
-5.98	-1.94147
-6	-2.11283
-6.02	-0.289107
-6.04	-0.299398
-6.06	-0.30991
-6.08	-0.320652
-6.1	-0.331633
-6.12	-0.342867
-6.14	-0.354371
-6.16	-0.366164
-6.18	-0.378271
-6.2	-0.390721
-6.22	-0.40355
-6.24	-0.416799
-6.26	-0.430517
-6.28	-0.444765
-6.3	-0.45961
-6.32	-0.475134
-6.34	-0.491432
-6.36	-0.508614
-6.38	-0.526809
-6.4	-0.546167
-6.42	-0.566862
-6.44	-0.589094
-6.46	-0.613098
-6.48	-0.63914
-6.5	-0.667534
-6.52	-0.698635
-6.54	-0.732857
-6.56	-0.770675
-6.58	-0.812635
-6.6	-0.859364
-6.62	-0.911585
-6.64	-0.970124
-6.66	-1.03593
-6.68	-1.1101
-6.7	-1.19387
-6.72	-1.28868
-6.74	-1.39616
-6.76	-1.51819
-6.78	-1.6569
-6.8	-1.81476
-6.82	-0.234241
-6.84	-0.242711
-6.86	-0.25138
-6.88	-0.260257
-6.9	-0.269353
-6.92	-0.278683
-6.94	-0.288263
-6.96	-0.298113
-6.98	-0.308257
-7	-0.318725
-7.02	-0.329551
-7.04	-0.340776
-7.06	-0.352447
-7.08	-0.36462
-7.1	-0.377363
-7.12	-0.39075
-7.14	-0.404873
-7.16	-0.419836
-7.18	-0.435759
-7.2	-0.452784
-7.22	-0.471074
-7.24	-0.490816
-7.26	-0.512229
-7.28	-0.535564
-7.3	-0.56111
-7.32	-0.589202
-7.34	-0.620223
-7.36	-0.654616
-7.38	-0.69289
-7.4	-0.735628
-7.42	-0.783502
-7.44	-0.83728
-7.46	-0.897847
-7.48	-0.966215
-7.5	-1.04354
-7.52	-1.13116
-7.54	-1.2306
-7.56	-1.34358
-7.58	-1.47211
-7.6	-1.61846
-7.62	-0.19845
-7.64	-0.205712
-7.66	-0.213155
-7.68	-0.220789
-7.7	-0.228626
-7.72	-0.236679
-7.74	-0.244965
-7.76	-0.253503
-7.78	-0.262318
-7.8	-0.271437
-7.82	-0.280894
-7.84	-0.290726
-7.86	-0.300981
-7.88	-0.31171
-7.9	-0.322978
-7.92	-0.334856
-7.94	-0.347429
-7.96	-0.360796
-7.98	-0.375071
-8	-0.390385
-8.02	-0.406893
-8.04	-0.42477
-8.06	-0.44422
-8.08	-0.465479
-8.1	-0.488818
-8.12	-0.51455
-8.14	-0.543033
-8.16	-0.574682
-8.18	-0.609971
-8.2	-0.649446
-8.22	-0.693734
-8.24	-0.743555
-8.26	-0.799733
-8.28	-0.863214
-8.3	-0.935083
-8.32	-1.01658
-8.34	-1.10913
-8.36	-1.21435
-8.38	-1.33411
-8.4	-1.47053
-8.42	-0.172829
-8.44	-0.179213
-8.46	-0.185765
-8.48	-0.192494
-8.5	-0.199411
-8.52	-0.206529
-8.54	-0.213865
-8.56	-0.221437
-8.58	-0.229269
-8.6	-0.237388
-8.62	-0.245825
-8.64	-0.254616
-8.66	-0.263807
-8.68	-0.273446
-8.7	-0.283594
-8.72	-0.294319
-8.74	-0.305701
-8.76	-0.317833
-8.78	-0.330823
-8.8	-0.344794
-8.82	-0.359892
-8.84	-0.376282
-8.86	-0.394155
-8.88	-0.413733
-8.9	-0.435271
-8.92	-0.459062
-8.94	-0.485444
-8.96	-0.514803
-8.98	-0.547588
-9	-0.584308
-9.02	-0.625554
-9.04	-0.671998
-9.06	-0.724417
-9.08	-0.783696
-9.1	-0.850853
-9.12	-0.927052
-9.14	-1.01363
-9.16	-1.1121
-9.18	-1.22422
-9.2	-1.35199
-9.22	-0.15341
-9.24	-0.159122
-9.26	-0.164989
-9.28	-0.17102
-9.3	-0.177227
-9.32	-0.183623
-9.34	-0.190223
-9.36	-0.197046
-9.38	-0.204113
-9.4	-0.21145
-9.42	-0.219088
-9.44	-0.227061
-9.46	-0.235411
-9.48	-0.244186
-9.5	-0.253443
-9.52	-0.263245
-9.54	-0.27367
-9.56	-0.284804
-9.58	-0.29675
-9.6	-0.309624
-9.62	-0.323563
-9.64	-0.338724
-9.66	-0.355286
-9.68	-0.373459
-9.7	-0.393483
-9.72	-0.415634
-9.74	-0.44023
-9.76	-0.467636
-9.78	-0.498272
-9.8	-0.532622
-9.82	-0.571238
-9.84	-0.614757
-9.86	-0.663906
-9.88	-0.719522
-9.9	-0.782563
-9.92	-0.854124
-9.94	-0.935461
-9.96	-1.02801
-9.98	-1.13342
