0	2	2	2
0.02	2.00223	2.00223	2.00223
0.04	2.00446	2.00446	2.00446
0.06	2.00671	2.00671	2.00671
0.08	2.00897	2.00897	2.00897
0.1	2.01123	2.01123	2.01123
0.12	2.0135	2.0135	2.0135
0.14	2.01578	2.01578	2.01578
0.16	2.01807	2.01807	2.01807
0.18	2.02037	2.02037	2.02037
0.2	2.02267	2.02267	2.02267
0.22	2.02499	2.02499	2.02499
0.24	2.02731	2.02731	2.02731
0.26	2.02963	2.02964	2.02963
0.28	2.03197	2.03197	2.03197
0.3	2.03431	2.03431	2.03431
0.32	2.03666	2.03666	2.03666
0.34	2.03901	2.03901	2.03901
0.36	2.04137	2.04138	2.04137
0.38	2.04374	2.04374	2.04374
0.4	2.04611	2.04612	2.04611
0.42	2.04849	2.0485	2.04849
0.44	2.05087	2.05089	2.05087
0.46	2.05326	2.05328	2.05326
0.48	2.05565	2.05568	2.05566
0.5	2.05805	2.05808	2.05806
0.52	2.06046	2.06049	2.06046
0.54	2.06287	2.06291	2.06287
0.56	2.06528	2.06533	2.06529
0.58	2.0677	2.06776	2.06771
0.6	2.07013	2.07019	2.07013
0.62	2.07255	2.07263	2.07256
0.64	2.07499	2.07507	2.075
0.66	2.07742	2.07752	2.07744
0.68	2.07986	2.07998	2.07988
0.7	2.08231	2.08244	2.08232
0.72	2.08476	2.08491	2.08477
0.74	2.08721	2.08738	2.08723
0.76	2.08967	2.08986	2.08969
0.78	2.09213	2.09234	2.09215
0.8	2.09459	2.09483	2.09461
0.82	2.09705	2.09733	2.09708
0.84	2.09952	2.09983	2.09956
0.86	2.102	2.10234	2.10203
0.88	2.10447	2.10485	2.10451
0.9	2.10695	2.10738	2.10699
0.92	2.10943	2.1099	2.10948
0.94	2.11192	2.11244	2.11197
0.96	2.1144	2.11498	2.11446
0.98	2.11689	2.11752	2.11695
1	2.11939	2.12008	2.11945
1.02	2.12188	2.12264	2.12195
1.04	2.12438	2.12521	2.12445
1.06	2.12688	2.12778	2.12696
1.08	2.12938	2.13037	2.12946
1.1	2.13188	2.13296	2.13197
1.12	2.13439	2.13556	2.13449
1.14	2.13689	2.13817	2.137
1.16	2.1394	2.14078	2.13952
1.18	2.14191	2.14341	2.14204
1.2	2.14443	2.14604	2.14456
1.22	2.14694	2.14868	2.14708
1.24	2.14946	2.15134	2.14961
1.26	2.15198	2.154	2.15214
1.28	2.1545	2.15667	2.15466
1.3	2.15702	2.15935	2.1572
1.32	2.15954	2.16204	2.15973
1.34	2.16206	2.16475	2.16226
1.36	2.16459	2.16746	2.1648
1.38	2.16712	2.17019	2.16734
1.4	2.16964	2.17292	2.16988
1.42	2.17217	2.17567	2.17242
1.44	2.1747	2.17843	2.17497
1.46	2.17723	2.18121	2.17751
1.48	2.17976	2.18399	2.18006
1.5	2.1823	2.18679	2.1826
1.52	2.18483	2.18961	2.18515
1.54	2.18737	2.19243	2.1877
1.56	2.1899	2.19528	2.19026
1.58	2.19244	2.19813	2.19281
1.6	2.19497	2.20101	2.19536
1.62	2.19751	2.2039	2.19792
1.64	2.20005	2.2068	2.20048
1.66	2.20259	2.20972	2.20303
1.68	2.20513	2.21266	2.20559
1.7	2.20767	2.21561	2.20815
1.72	2.21021	2.21859	2.21071
1.74	2.21275	2.22158	2.21328
1.76	2.21529	2.22459	2.21584
1.78	2.21783	2.22762	2.2184
1.8	2.22037	2.23067	2.22097
1.82	2.22291	2.23374	2.22353
1.84	2.22545	2.23683	2.2261
1.86	2.22799	2.23994	2.22867
1.88	2.23053	2.24307	2.23123
1.9	2.23308	2.24623	2.2338
1.92	2.23562	2.24941	2.23637
1.94	2.23816	2.25261	2.23894
1.96	2.2407	2.25583	2.24151
1.98	2.24324	2.25908	2.24408
2	2.24579	2.26236	2.24666
2.02	2.24833	2.26566	2.24923
2.04	2.25087	2.26899	2.2518
2.06	2.25341	2.27234	2.25438
2.08	2.25595	2.27572	2.25695
2.1	2.25849	2.27913	2.25953
2.12	2.26103	2.28257	2.2621
2.14	2.26357	2.28604	2.26468
2.16	2.26612	2.28954	2.26725
2.18	2.26866	2.29306	2.26983
2.2	2.27119	2.29662	2.27241
2.22	2.27373	2.30022	2.27498
2.24	2.27627	2.30384	2.27756
2.26	2.27881	2.3075	2.28014
2.28	2.28135	2.31119	2.28272
2.3	2.28389	2.31491	2.28529
2.32	2.28642	2.31868	2.28787
2.34	2.28896	2.32247	2.29045
2.36	2.29149	2.32631	2.29303
2.38	2.29403	2.33018	2.29561
2.4	2.29656	2.33409	2.29819
2.42	2.2991	2.33804	2.30077
2.44	2.30163	2.34203	2.30335
2.46	2.30416	2.34606	2.30593
2.48	2.3067	2.35013	2.30851
2.5	2.30923	2.35424	2.31109
2.52	2.31176	2.3584	2.31367
2.54	2.31429	2.3626	2.31625
2.56	2.31682	2.36684	2.31883
2.58	2.31935	2.37113	2.32141
2.6	2.32187	2.37547	2.32399
2.62	2.3244	2.37985	2.32657
2.64	2.32692	2.38429	2.32915
2.66	2.32945	2.38877	2.33173
2.68	2.33197	2.39329	2.33431
2.7	2.3345	2.39788	2.33689
2.72	2.33702	2.40251	2.33947
2.74	2.33954	2.40719	2.34205
2.76	2.34206	2.41193	2.34463
2.78	2.34458	2.41672	2.34721
2.8	2.3471	2.42156	2.34979
2.82	2.34962	2.42647	2.35237
2.84	2.35213	2.43142	2.35495
2.86	2.35465	2.43644	2.35753
2.88	2.35716	2.44151	2.36011
2.9	2.35968	2.44665	2.36269
2.92	2.36219	2.45184	2.36526
2.94	2.3647	2.4571	2.36784
2.96	2.36721	2.46242	2.37042
2.98	2.36972	2.4678	2.373
3	2.37223	2.47325	2.37558
3.02	2.37473	2.47876	2.37815
3.04	2.37724	2.48434	2.38073
3.06	2.37974	2.48999	2.38331
3.08	2.38225	2.49571	2.38588
3.1	2.38475	2.50149	2.38846
3.12	2.38725	2.50735	2.39104
3.14	2.38975	2.51328	2.39361
3.16	2.39225	2.51928	2.39619
3.18	2.39475	2.52535	2.39876
3.2	2.39724	2.5315	2.40134
3.22	2.39974	2.53773	2.40391
3.24	2.40223	2.54403	2.40649
3.26	2.40472	2.55041	2.40906
3.28	2.40721	2.55687	2.41163
3.3	2.4097	2.56342	2.4142
3.32	2.41219	2.57004	2.41678
3.34	2.41468	2.57675	2.41935
3.36	2.41717	2.58354	2.42192
3.38	2.41965	2.59041	2.42449
3.4	2.42213	2.59737	2.42706
3.42	2.42462	2.60442	2.42963
3.44	2.4271	2.61156	2.4322
3.46	2.42958	2.61879	2.43477
3.48	2.43206	2.62611	2.43734
3.5	2.43453	2.63352	2.43991
3.52	2.43701	2.64102	2.44248
3.54	2.43948	2.64862	2.44504
3.56	2.44195	2.65632	2.44761
3.58	2.44442	2.66411	2.45018
3.6	2.44689	2.672	2.45274
3.62	2.44936	2.67999	2.45531
3.64	2.45183	2.68808	2.45787
3.66	2.4543	2.69628	2.46044
3.68	2.45676	2.70457	2.463
3.7	2.45922	2.71298	2.46556
3.72	2.46168	2.72149	2.46813
3.74	2.46414	2.7301	2.47069
3.76	2.4666	2.73883	2.47325
3.78	2.46906	2.74766	2.47581
3.8	2.47151	2.75661	2.47837
3.82	2.47397	2.76567	2.48093
3.84	2.47642	2.77484	2.48349
3.86	2.47887	2.78413	2.48605
3.88	2.48132	2.79354	2.48861
3.9	2.48377	2.80306	2.49116
3.92	2.48622	2.81271	2.49372
3.94	2.48866	2.82247	2.49628
3.96	2.4911	2.83236	2.49883
3.98	2.49355	2.84237	2.50139
4	2.49599	2.85251	2.50394
4.02	2.49843	2.86278	2.50649
4.04	2.50086	2.87317	2.50905
4.06	2.5033	2.88369	2.5116
4.08	2.50573	2.89434	2.51415
4.1	2.50817	2.90513	2.5167
4.12	2.5106	2.91605	2.51925
4.14	2.51303	2.92711	2.5218
4.16	2.51546	2.9383	2.52435
4.18	2.51788	2.94963	2.5269
4.2	2.52031	2.9611	2.52945
4.22	2.52273	2.97272	2.53199
4.24	2.52515	2.98447	2.53454
4.26	2.52757	2.99637	2.53709
4.28	2.52999	3.00842	2.53963
4.3	2.53241	3.02062	2.54218
4.32	2.53483	3.03296	2.54472
4.34	2.53724	3.04546	2.54726
4.36	2.53965	3.0581	2.5498
4.38	2.54206	3.0709	2.55234
4.4	2.54447	3.08386	2.55489
4.42	2.54688	3.09698	2.55742
4.44	2.54929	3.11025	2.55996
4.46	2.55169	3.12369	2.5625
4.48	2.5541	3.13728	2.56504
4.5	2.5565	3.15104	2.56758
4.52	2.5589	3.16497	2.57011
4.54	2.5613	3.17906	2.57265
4.56	2.56369	3.19332	2.57518
4.58	2.56609	3.20775	2.57772
4.6	2.56848	3.22236	2.58025
4.62	2.57087	3.23713	2.58278
4.64	2.57326	3.25209	2.58531
4.66	2.57565	3.26722	2.58784
4.68	2.57804	3.28253	2.59038
4.7	2.58043	3.29802	2.5929
4.72	2.58281	3.31369	2.59543
4.74	2.58519	3.32955	2.59796
4.76	2.58757	3.34559	2.60049
4.78	2.58995	3.36182	2.60301
4.8	2.59233	3.37824	2.60554
4.82	2.5947	3.39485	2.60806
4.84	2.59708	3.41165	2.61059
4.86	2.59945	3.42865	2.61311
4.88	2.60182	3.44585	2.61563
4.9	2.60419	3.46324	2.61815
4.92	2.60656	3.48083	2.62067
4.94	2.60892	3.49863	2.62319
4.96	2.61129	3.51663	2.62571
4.98	2.61365	3.53483	2.62823
5	2.61601	3.55324	2.63075
5.02	2.61837	3.57187	2.63326
5.04	2.62073	3.5907	2.63578
5.06	2.62309	3.60974	2.6383
5.08	2.62544	3.62901	2.64081
5.1	2.62779	3.64848	2.64332
5.12	2.63014	3.66818	2.64583
5.14	2.63249	3.6881	2.64835
5.16	2.63484	3.70824	2.65086
5.18	2.63719	3.7286	2.65337
5.2	2.63953	3.7492	2.65588
5.22	2.64188	3.77001	2.65838
5.24	2.64422	3.79107	2.66089
5.26	2.64656	3.81235	2.6634
5.28	2.64889	3.83386	2.6659
5.3	2.65123	3.85562	2.66841
5.32	2.65357	3.87761	2.67091
5.34	2.6559	3.89984	2.67341
5.36	2.65823	3.92232	2.67592
5.38	2.66056	3.94503	2.67842
5.4	2.66289	3.968	2.68092
5.42	2.66521	3.99121	2.68342
5.44	2.66754	4.01468	2.68592
5.46	2.66986	4.03839	2.68841
5.48	2.67218	4.06236	2.69091
5.5	2.6745	4.08659	2.69341
5.52	2.67682	4.11108	2.6959
5.54	2.67914	4.13583	2.6984
5.56	2.68145	4.16083	2.70089
5.58	2.68377	4.18611	2.70338
5.6	2.68608	4.21165	2.70587
5.62	2.68839	4.23746	2.70836
5.64	2.6907	4.26354	2.71085
5.66	2.69301	4.2899	2.71334
5.68	2.69531	4.31653	2.71583
5.7	2.69761	4.34344	2.71832
5.72	2.69992	4.37063	2.7208
5.74	2.70222	4.3981	2.72329
5.76	2.70451	4.42586	2.72577
5.78	2.70681	4.4539	2.72826
5.8	2.70911	4.48223	2.73074
5.82	2.7114	4.51085	2.73322
5.84	2.71369	4.53976	2.7357
5.86	2.71598	4.56897	2.73818
5.88	2.71827	4.59848	2.74066
5.9	2.72056	4.62829	2.74314
5.92	2.72285	4.65839	2.74562
5.94	2.72513	4.68881	2.74809
5.96	2.72741	4.71953	2.75057
5.98	2.72969	4.75055	2.75304
6	2.73197	4.78189	2.75552
6.02	2.73425	4.81355	2.75799
6.04	2.73652	4.84551	2.76046
6.06	2.7388	4.8778	2.76293
6.08	2.74107	4.9104	2.7654
6.1	2.74334	4.94333	2.76787
6.12	2.74561	4.97659	2.77034
6.14	2.74788	5.01017	2.77281
6.16	2.75014	5.04408	2.77527
6.18	2.75241	5.07832	2.77774
6.2	2.75467	5.1129	2.7802
6.22	2.75693	5.14781	2.78267
6.24	2.75919	5.18306	2.78513
6.26	2.76145	5.21865	2.78759
6.28	2.76371	5.25459	2.79005
6.3	2.76596	5.29087	2.79251
6.32	2.76821	5.32751	2.79497
6.34	2.77047	5.36449	2.79743
6.36	2.77272	5.40183	2.79989
6.38	2.77496	5.43952	2.80234
6.4	2.77721	5.47757	2.8048
6.42	2.77946	5.51598	2.80725
6.44	2.7817	5.55476	2.80971
6.46	2.78394	5.5939	2.81216
6.48	2.78618	5.63341	2.81461
6.5	2.78842	5.67329	2.81706
6.52	2.79066	5.71354	2.81951
6.54	2.79289	5.75417	2.82196
6.56	2.79513	5.79518	2.82441
6.58	2.79736	5.83657	2.82685
6.6	2.79959	5.87834	2.8293
6.62	2.80182	5.92049	2.83174
6.64	2.80404	5.96304	2.83419
6.66	2.80627	6.00598	2.83663
6.68	2.80849	6.04931	2.83907
6.7	2.81072	6.09303	2.84151
6.72	2.81294	6.13716	2.84395
6.74	2.81516	6.18169	2.84639
6.76	2.81738	6.22662	2.84883
6.78	2.81959	6.27195	2.85127
6.8	2.82181	6.3177	2.8537
6.82	2.82402	6.36386	2.85614
6.84	2.82623	6.41043	2.85857
6.86	2.82844	6.45742	2.86101
6.88	2.83065	6.50483	2.86344
6.9	2.83286	6.55266	2.86587
6.92	2.83506	6.60092	2.8683
6.94	2.83727	6.6496	2.87073
6.96	2.83947	6.69872	2.87316
6.98	2.84167	6.74827	2.87559
7	2.84387	6.79825	2.87802
7.02	2.84606	6.84867	2.88044
7.04	2.84826	6.89954	2.88287
7.06	2.85045	6.95085	2.88529
7.08	2.85265	7.0026	2.88771
7.1	2.85484	7.05481	2.89014
7.12	2.85703	7.10746	2.89256
7.14	2.85922	7.16057	2.89498
7.16	2.8614	7.21414	2.8974
7.18	2.86359	7.26817	2.89981
7.2	2.86577	7.32267	2.90223
7.22	2.86795	7.37763	2.90465
7.24	2.87013	7.43305	2.90706
7.26	2.87231	7.48895	2.90948
7.28	2.87449	7.54533	2.91189
7.3	2.87666	7.60218	2.9143
7.32	2.87884	7.65951	2.91672
7.34	2.88101	7.71733	2.91913
7.36	2.88318	7.77563	2.92154
7.38	2.88535	7.83442	2.92394
7.4	2.88752	7.89371	2.92635
7.42	2.88969	7.95348	2.92876
7.44	2.89185	8.01376	2.93116
7.46	2.89401	8.07453	2.93357
7.48	2.89618	8.13581	2.93597
7.5	2.89834	8.1976	2.93838
7.52	2.90049	8.25989	2.94078
7.54	2.90265	8.32269	2.94318
7.56	2.90481	8.38602	2.94558
7.58	2.90696	8.44986	2.94798
7.6	2.90911	8.51422	2.95038
7.62	2.91127	8.5791	2.95277
7.64	2.91342	8.64451	2.95517
7.66	2.91556	8.71045	2.95756
7.68	2.91771	8.77692	2.95996
7.7	2.91985	8.84393	2.96235
7.72	2.922	8.91148	2.96474
7.74	2.92414	8.97957	2.96713
7.76	2.92628	9.04821	2.96953
7.78	2.92842	9.11739	2.97191
7.8	2.93056	9.18713	2.9743
7.82	2.93269	9.25742	2.97669
7.84	2.93483	9.32826	2.97908
7.86	2.93696	9.39967	2.98146
7.88	2.93909	9.47164	2.98385
7.9	2.94122	9.54417	2.98623
7.92	2.94335	9.61728	2.98861
7.94	2.94548	9.69096	2.99099
7.96	2.94761	9.76521	2.99337
7.98	2.94973	9.84005	2.99575
8	2.95185	9.91546	2.99813
8.02	2.95397	9.99146	3.00051
8.04	2.95609	10.068	3.00289
8.06	2.95821	10.1452	3.00526
8.08	2.96033	10.223	3.00764
8.1	2.96244	10.3014	3.01001
8.12	2.96456	10.3803	3.01238
8.14	2.96667	10.4599	3.01476
8.16	2.96878	10.5401	3.01713
8.18	2.97089	10.6209	3.0195
8.2	2.973	10.7023	3.02187
8.22	2.9751	10.7843	3.02423
8.24	2.97721	10.867	3.0266
8.26	2.97931	10.9503	3.02897
8.28	2.98142	11.0342	3.03133
8.3	2.98352	11.1187	3.0337
8.32	2.98562	11.2038	3.03606
8.34	2.98771	11.2896	3.03842
8.36	2.98981	11.3761	3.04078
8.38	2.9919	11.4632	3.04314
8.4	2.994	11.5509	3.0455
8.42	2.99609	11.6393	3.04786
8.44	2.99818	11.7283	3.05022
8.46	3.00027	11.818	3.05257
8.48	3.00236	11.9083	3.05493
8.5	3.00444	11.9993	3.05728
8.52	3.00653	12.091	3.05964
8.54	3.00861	12.1833	3.06199
8.56	3.01069	12.2764	3.06434
8.58	3.01277	12.3701	3.06669
8.6	3.01485	12.4644	3.06904
8.62	3.01693	12.5595	3.07139
8.64	3.01901	12.6552	3.07374
8.66	3.02108	12.7517	3.07608
8.68	3.02316	12.8488	3.07843
8.7	3.02523	12.9466	3.08077
8.72	3.0273	13.0451	3.08312
8.74	3.02937	13.1444	3.08546
8.76	3.03144	13.2443	3.0878
8.78	3.0335	13.345	3.09014
8.8	3.03557	13.4463	3.09248
8.82	3.03763	13.5484	3.09482
8.84	3.03969	13.6512	3.09716
8.86	3.04175	13.7547	3.0995
8.88	3.04381	13.859	3.10183
8.9	3.04587	13.964	3.10417
8.92	3.04793	14.0697	3.1065
8.94	3.04998	14.1762	3.10884
8.96	3.05204	14.2834	3.11117
8.98	3.05409	14.3913	3.1135
9	3.05614	14.5	3.11583
9.02	3.05819	14.6095	3.11816
9.04	3.06024	14.7197	3.12049
9.06	3.06229	14.8306	3.12281
9.08	3.06433	14.9424	3.12514
9.1	3.06638	15.0549	3.12747
9.12	3.06842	15.1681	3.12979
9.14	3.07046	15.2822	3.13211
9.16	3.0725	15.397	3.13444
9.18	3.07454	15.5126	3.13676
9.2	3.07658	15.629	3.13908
9.22	3.07861	15.7462	3.1414
9.24	3.08065	15.8641	3.14372
9.26	3.08268	15.9829	3.14603
9.28	3.08471	16.1025	3.14835
9.3	3.08674	16.2229	3.15067
9.32	3.08877	16.344	3.15298
9.34	3.0908	16.466	3.15529
9.36	3.09283	16.5888	3.15761
9.38	3.09485	16.7125	3.15992
9.4	3.09687	16.8369	3.16223
9.42	3.0989	16.9622	3.16454
9.44	3.10092	17.0883	3.16685
9.46	3.10294	17.2152	3.16916
9.48	3.10496	17.343	3.17146
9.5	3.10697	17.4716	3.17377
9.52	3.10899	17.6011	3.17607
9.54	3.111	17.7314	3.17838
9.56	3.11302	17.8626	3.18068
9.58	3.11503	17.9946	3.18298
9.6	3.11704	18.1275	3.18528
9.62	3.11905	18.2612	3.18758
9.64	3.12105	18.3958	3.18988
9.66	3.12306	18.5313	3.19218
9.68	3.12507	18.6677	3.19448
9.7	3.12707	18.8049	3.19678
9.72	3.12907	18.943	3.19907
9.74	3.13107	19.0821	3.20137
9.76	3.13307	19.222	3.20366
9.78	3.13507	19.3627	3.20595
9.8	3.13707	19.5044	3.20824
9.82	3.13906	19.647	3.21053
9.84	3.14106	19.7905	3.21282
9.86	3.14305	19.935	3.21511
9.88	3.14504	20.0803	3.2174
9.9	3.14704	20.2265	3.21969
9.92	3.14902	20.3737	3.22197
9.94	3.15101	20.5218	3.22426
9.96	3.153	20.6708	3.22654
9.98	3.15498	20.8208	3.22882
10	3.15697	20.9717	3.23111
